Mocha720, 4, 81. 126, 19,-430, 15, -2. 267, 18, 8
Timor3. 937, 8, -3. 937, 8,-
ƒ 1. 746. 311, 16, 6 ƒ 313. 608, 17,- ƒ 114. 555, 3, 124ƒ2. 174. 425, 17, 2 1/5
ANNO 1734/35EuropiaanseInlandse soldijenScheepssoldijente samen
soldijen
Ceylon509. 079, 14, -58. 134, 16,-26. 609, 13,-ƒ593. 824, 3, -
Cormandel118. 076, 18, 1259. 795, 6, -3. 877, 15, 4181. 750, - -
Ambon125. 601, 18, 812. 764, 12, 8374, 19, 8138. 741, 10, 8
Banda108. 373, 15, -2. 064, 18,-105. 938, 13, -
Tematen118. 868, 12, 818. 241, 2, 82. 750, 14, 8139. 860, 9, 8
Macasser122. 741, 1, -7. 188, 15,-1. 456, 15,-131. 116, 11, -
Malacca76. 546, 16, -4. 323, 5,-ƒ80. 870, 1, -
Cabo de Goede Hoop79. 471, 4, 86. 547, 3, -86. 018, 7, 8
Bengalen42. 797, 16, -86. 589, 19, 816. 849, 8, 8ƒ146. 237, 4, 2
Persia45. 884. 14, 89. 329, 14,-9. 269, 3, 864. 483, 12, -
Souratta11. 971, 19, 88. 634, 3, 85. 003, 12, 825. 609, 15, 8
Java’s Oostcust127. 823, 16, -378, -, -368, 19,-128. 570, 15, -
Mallabaar165. 962, 9, 822. 336, 5,-8. 294, 5, 8196. 593, -, -
Sumatra’s Westcust49. 745, 13, 88. 399, 1,-817, 8,-ƒ58. 962, 2, 8
Siam5. 460, 16, -1. 627, 4,-7. 088, -, -
Palembang11. 511, 16, -ƒ11. 511, 16, -
Bantam30. 558, 18, 822, -, -30. 581, 14, 8
Jambij2. 161, 10, 122. 161, 10, 12
Cheribon7. 489, 4, -ƒ7. 489, 4, -
Japan578, 12, -51, 7, 8629, 19, 8
Mocha141, 18, -1. 171, 10,-1. 906, 8, 83. 219, 16, 8
Timor3. 779, 12, -3. 779, 12, -
ƒ 1. 759. 858, 16, 8 ƒ 294. 590, 9, -90. 580, 12, 4ƒ2. 145. 037, 2, 12
ANNO 1735/36 Europiaanse Inlandse soldijen Scheepssoldijen te samen
soldijen
Ceylon515. 264, 10, -75. 467, 19, -25. 127, 16, -ƒ615. 860, 13, -
Cormandel120. 452, 7, 459. 497, 14, 810. 172, -,-190. 122, 1, 4
Ambon130. 052, 8,-13. 268, 10, -272, 13,-ƒ143. 593, 11, -
Bandaƒ104. 775, 15, 8ƒ1. 170, 2,-105. 945, 17, 8
Ternaten107. 453, 8, 817. 295, 2, 8ƒ2. 252, 7, 8ƒ122. 630, 18, 8
Macasser118. 528, 4, 87. 857, 15, -ƒ2. 767, 1, 8129. 153, 1, -
Malacca70. 768, 14,-706, 13,-71. 475, 7, -
Cabo de Goede Hoop69. 404, 10,-ƒ3. 469, 12,-72. 874, 2, -
Bengalen42. 349, 19, 880. 107, 1, 8ƒ16. 977, 3,-139. 454, 4, -
Persiaƒ38. 156, 14, 84. 058, 15,-11. 255, 5,-53. 470, 14, -

