ANNO 1737/38EuropiaanseInlandse soldijenScheepssoldijente samen
soldijen
624. 122, 5, 8
Ceylon512. 721, 9,-91. 775, 14,-19. 625, 12, 8195. 147, 15, -
Cormandel122. 113, 5,-60. 015, 8,-13. 019, 2,-149. 715, 16, 8
Ambon133. 537, 15, 813. 041, -,-1. 137, 8,-119. 524, -, 8
Banda1 14. 748, 12, -4. 775, 8, 8114, 775, 8, -
Ternaten111. 016, 5,-1. 158, 3,-2. 601, -,-262. 570, 14,-
Macasser156. 877, 17,-76. 845, 15, -28. 847, 2, -75. 745, 15, -
Malacca75. 264, 16,-480, 19,-131. 550, 3, -
Cabo de Goede Hoop129. 779, 3, -1. 771, -,-122. 641, 12, -
Bengale36. 054, 16,-72. 098, 1,-14. 488, 15, -74. 308, 18,-
Persia58. 615, 4. -5. 863, 2, -9. 830, 12, -26. 938, 6, -
Souratta14. 530, 1,-9. 760, -, -2. 648, 5, -146. 566, 19, 8
Java’s Oostcust145. 951, 3,-324, -, -291, 16, 8190. 050, 7,-
Mallabaar160. 250, 7.-23. 040, -, -6. 760, -, -59. 460, 16, 8
Sumatra’s Westcust49. 014, 11, 88. 671, 16, 81. 774, 8, 88. 839, 15, 8
Siam7. 212, 11, 81. 627, 4,-10. 376, 17, 8
Palembang10. 376, 17, 837. 117, 2, 8
Bantam7. 212, 11, 83. 164, 2,-
Jambij10. 376, 17, 88. 608, 8, -
Cheribon87. 117, 2, 8425, 5, -
Japanƒ slecht leesbaar425, 5, -1. 508, -,-
Mochaƒ slecht leesbaar1. 491, 12,-16, 10, -3. 164, 2,-
Timor5. 619, -,-5. 619, -,-
China8. 474, 14,-8. 474, 14,-
ƒ 1. 294. 573, 6, 8

ƒ 365. 71 1, 5, 8 ƒ 116. 967, 13,- ƒ 2. 377. 252, 5, -

Korte bijeenbrenging van het voorenstaande:
Europiaanse soldijenInlandse soldijenScheepssoldijente samen
1731/32ƒ 1. 839. 524, 7, 11247. 827, 18,-ƒ 94. 607, 13, 10ƒ2. 181. 959, 19, 5
1732/33ƒ 1. 739. 728, 12, 9268. 119. 8,-ƒ 101. 576, 8, 9ƒ2. 149. 424, 9, 2
1733/34ƒ 1. 746. 311, 16, 6313. 608. 17,-ƒ 114. 555, 3, 12ƒ2. 174. 475, 17, 2
1734/35ƒ 1. 759. 858, 16, 8294. 590. 9, -ƒ 90. 588, 12, 42. 145. 037, 11, 12
1735/36ƒ 1. 738. 869,-4299. 343, 7, 8ƒ 90. 624, 14, -2. 128. 837, 1, 12
1736/37ƒ 1. 815. 489, 3, 3350. 583. -, 8ƒ 110. 518, 6, -2. 276. 590, 9, 11
1737/38ƒ 1. 894. 573, 6, 8365. 111. 1, 8ƒ 116. 967, 13, -2. 377. 252, 5, -
ƒ 12. 574. 355, 3, 1 ƒ 2. 139. 784, 5, 8 ƒ 719. 430, 11, 3 ƒ 15. 433. 578, —. 12
Hierbij ’tgeen op Batavia in seven jaarenaan alle soortenvan loontreckende
dienaren soo te land als te water is betaald3. 693. 492, -, -
maakt tesamen een capitaal vanƒ 19. 127. 070, - 12

