Souratta14. 930, 12,-9. 103, 14,-5. 373, 18,-29. 408, 4, -
Java’s Oostcust119. 340, 4,-324, -, -616, 12,-120. 280, 16, -
Mallabaar176. 771, 1, 822. 554, 13,-8. 809, 15,-208. 135, 9, 8
Sumatra’s Westcust146. 469, 14, 86. 433, 18, 8942, 7, 853. 847, 8
Siam7. 516, 16,-1. 627, 4,-9. 144, -, -
Palembang12. 771, 14,-12. 771, 14, -
Bantam34. 511, 11, 815, 4,-34. 526, 15, 8
Jambij2. 967, 17,-36, 4, -3. 004, 1, -
Cheribon7. 147, 12,-7. 147, 12, -
Japan417, 8,-417, 8, -
Mocha531, 6,-1. 117, 1,-194, 7, 81. 842, 14, 8
Timor3. 703, 12,-3. 703, 12, -
China27, 5, -27, 5, -
ƒ 1. 738. 869, - 4 ƒ 299. 343, 7, 890. 624, 14,-ƒ2. 128. 837, 1, 17
ANNO 1736/37EuropiaanseInlandse soldijenScheepssoldijente samen
soldijen
Ceylon520. 881, 11, -91. 644, 17,-31. 027, 10, 8643. 553, 18, 8
Cormandel123. 126, 19, 559. 920, 14,-13. 013, 15,-196. 061, 8, 5
Ambon131. 703, 5, 813. 198, 7, 81. 390, 7, 8146. 292, 10, 8
Banda115. 011, 4, 8613, 6,-115. 624, 10, 8
Ternaten110. 819, 16, 81. 166, 12, 82. 598, 1, 8114. 584, 10, 8
Macasser131. 764, 13, 837. 531, 2, 812. 017, 19,-181. 313, 15, -
Malacca71. 286, 5, -1. 428, 7, 872. 714, 12, 8
Cabo de Goede Hoop99. 607, 7, -3. 233, 6, -93. 840, 13, -
Bengalen38. 836, 6, -93. 381, 15, 819. 298, 19, 8151. 517, 1, -
Persia58. 989, 6, 145. 881, 3,-9. 849, 12,-74. 720, 1, 14
Souratta14. 457, 7, 89. 758, 18, 82. 693, 6, -26. 909, 6, -
Java’s Oostcust125. 765, 5, 81. 336, 18,-88, 14, 8126. 590, 18, -
Mallabaar160. 467, 18, -23. 038, 7,-6. 564, 18,-190. 071, 3, -
Sumatra’s Westcust47. 674, 11, -10. 994, 7,-3. 198, -, 861. 886, 18, 8
Siam7. 287, 10, -1. 627, 4,-8. 914, 14, -
Palembang10. 983, 10, -10. 933, 2, -
Bantam40. 794, 11, 814, 5, -40. 808, 16, 8
Jambij2. 499, 7, -35, 4, -2. 534, 11, -
Cheribon6. 434, 8, -6. 434, 8, -
Japan17, 19, 8303, 4, -321, 3, 8
Mocha1. 065, 18, -1. 102, 4,-393, 7, 82. 507, 9, 8
Timor5. 614, 16, -5. 614, 16, -
China2. 810, 2,-2. 810, 2, -
ƒ 1. 815. 489, 3, 3

ƒ 350. 583, - 8 ƒ 110. 518, 6,- ƒ2. 276. 590, 9, 11

