Cabo de Goede Hoop83. 222, 8, -9. 557, -, -92. 839, 8, -
Bengalen63. 909, 9, -77. 377, 16,-26. 088, 15,-167. 376, -,-
Persia33. 129, 10,-8. 903, 18, 816. 227, 9, 858. 260, 18,-
Souratta12. 535, 18,-8. 493, 3, 84. 961, 5, 825. 990, 7,-
Java’s Oostcust140. 001, 8,-270, -, -28, 16,-140. 300, 4, -
Mallabaar171. 988, 4, 822. 272, 5, 84. 559, 4, -198. 819, 14,-
Sumatra’s Westcust50. 796, 17, 85. 349, 2, 83. 934, 13, 960. 080, 13, 9
Siam5. 702, 5,-1. 627, 4,-7. 329, 9, -
Palembang7. 902, 9, 87. 902, 9, 8
Bantam42. 935, 13, 8126, 2, -43. 061, 15, 8
Jambij2. 403, 9, 82. 403, 9, 8
Cheribon3. 726, 6, -3. 726, 6, -
Japan139, 1,-139, 1,-
Mocha372, -, -14. 092, 2, -445, 9, -2. 226, 1 1,-

Timor4. 547, 12,-4. 547, 12,-
ƒ 1. 779. 228, 12, 9
ƒ268. 119, 8, -
ƒ 101. 576, 8, 9ƒ2. 249. 424, 9, 2*

ANNO 1733/34EuropiaanseInlandse soldijenScheepssoldijente samen
soldijen
Ceylon506. 257, 13, -28. 669, 14, 828. 900, 17, -293. 838, 4, 8

Cormandel191. 667, — , 1454. 813, 8, 810. 188, 3, 1184. 668, 12, 7

Ambon127. 111, 14, 812. 510, 5,-221, 4, 8139. 843, 4,-
Banda101. 449, 1, 81. 255, 4, 8120. 704, 6, -,

Tematen119. 631, 5, -17. 071, 5,-8. 810, 7, -142. 812, 17,-
Macasser105. 811, 9, -936, -, -583, 1, -107. 330, 10, -
Malacca76. 008, 1, 84. 440, 8, -80. 448, 9, 8
Cabo de Goede Hoop69. 780, 6, -5. 206, 15, -73. 987, 1,-
Bengalen55. 619, 14, -95. 385, 2, -21. 403, 18, -172. 408, 14,-
Persia34. 381, 10, 88. 595, 3, -24. 655, 14, 1 1$67. 638, 8, 3J
Souratta12. 655, 4, 89. 188, 19,-5. 953, 12, -27. 797, 15, 8
Java’s Oostcust133. 315, 18, -14. 944, 5, 8174, 19, 8148. 435, 3, -
Mallabaar166. 544, 17, -31. 890, 10, 82. 013, 18, -190. 449, 5, 8

Sumatra’s Westcust47. 877, 10, 86. 905, 16,-774, 16, 855. 458, 3, -
Siam6. 405, -, -1. 627, 4,-8. 032, 4, -
Palembang8. 553, 17, -8. 553, 17,-
Bantam42. 222, 2, -9. 944, 5,-68, 5, -52. 234, 12,-
Jambijƒ2. 564, 15, -2. 564, 15,-
Cheribon8. 497, 4, -8. 497, 4, -
Japan473, 5, -473, 5, -

